/*--------------------------------*- C++ -*----------------------------------*\
| =========                 |                                                 |
| \\      /  F ield         | OpenFOAM: The Open Source CFD Toolbox           |
|  \\    /   O peration     | Version:  2.4.0                                 |
|   \\  /    A nd           | Web:      www.OpenFOAM.org                      |
|    \\/     M anipulation  |                                                 |
\*---------------------------------------------------------------------------*/
FoamFile
{
    version     2.0;
    format      ascii;
    class       pointSet;
    location    "constant/polyMesh/sets";
    object      nearPoints;
}
// * * * * * * * * * * * * * * * * * * * * * * * * * * * * * * * * * * * * * //


4080
(
1 
2 
20 
21 
229 
230 
231 
232 
233 
234 
235 
236 
237 
238 
239 
240 
241 
242 
243 
244 
245 
246 
247 
248 
249 
250 
251 
252 
253 
254 
255 
256 
257 
258 
259 
260 
261 
262 
263 
264 
265 
266 
267 
268 
269 
270 
271 
272 
273 
274 
275 
276 
277 
278 
279 
280 
281 
282 
283 
284 
285 
286 
287 
288 
289 
290 
291 
292 
293 
294 
295 
296 
297 
298 
299 
300 
301 
302 
303 
304 
305 
306 
307 
308 
309 
310 
311 
312 
313 
314 
315 
316 
317 
318 
319 
320 
321 
322 
323 
324 
325 
326 
327 
328 
329 
330 
331 
332 
333 
334 
335 
336 
337 
338 
339 
340 
341 
342 
343 
344 
345 
346 
347 
348 
349 
350 
351 
352 
353 
354 
355 
356 
357 
358 
359 
360 
361 
362 
363 
364 
365 
366 
367 
368 
369 
370 
371 
372 
373 
374 
375 
376 
377 
378 
379 
380 
381 
382 
383 
384 
385 
386 
387 
388 
389 
390 
391 
392 
393 
394 
395 
396 
397 
398 
399 
400 
401 
402 
403 
404 
405 
406 
407 
408 
409 
410 
411 
412 
413 
414 
415 
416 
417 
418 
419 
420 
421 
422 
423 
424 
425 
426 
427 
428 
429 
430 
431 
432 
433 
434 
435 
436 
437 
438 
439 
440 
441 
442 
443 
444 
445 
446 
447 
448 
449 
450 
451 
452 
453 
164534 
164543 
164544 
164553 
164602 
164603 
164604 
164605 
165438 
165439 
165440 
165441 
165442 
165443 
165444 
165445 
165446 
165447 
165448 
165449 
165450 
165451 
165452 
165453 
165454 
165455 
165456 
165457 
165458 
165459 
165460 
165461 
165462 
165463 
165464 
165465 
165466 
165467 
165468 
165469 
165470 
165471 
165472 
165473 
165474 
165475 
165476 
165477 
165478 
165479 
165480 
165481 
165482 
165483 
165484 
165485 
165486 
165487 
165488 
165489 
165490 
165491 
165492 
165493 
165494 
165495 
165496 
165497 
165498 
165499 
165500 
165501 
165502 
165503 
165504 
165505 
165506 
165507 
165508 
165509 
165510 
165511 
165512 
165513 
165514 
165515 
165516 
165517 
165518 
165519 
165520 
165521 
165522 
165523 
165524 
165525 
165526 
165527 
165528 
165529 
165530 
165531 
165532 
165533 
165534 
165535 
165536 
165537 
165538 
165539 
165540 
165541 
165542 
165543 
165544 
165545 
165546 
165547 
165548 
165549 
165550 
165551 
165552 
165553 
165554 
165555 
165556 
165557 
165558 
165559 
165560 
165561 
165562 
165563 
165564 
165565 
165566 
165567 
165568 
165569 
165570 
165571 
165572 
165573 
165574 
1734 
1735 
165575 
165576 
1736 
1737 
165577 
1738 
165578 
1739 
165579 
165580 
1740 
1741 
165581 
1742 
165582 
1743 
165583 
1744 
165584 
165585 
1745 
165586 
1746 
165587 
1747 
1748 
165588 
1749 
165589 
165590 
1750 
165591 
1751 
1752 
165592 
165593 
1753 
165594 
1754 
165595 
1755 
165596 
1756 
165597 
1757 
1758 
165598 
165599 
1759 
1760 
165600 
165601 
1761 
165602 
1762 
1763 
165603 
165604 
1764 
165605 
1765 
165606 
1766 
165607 
1767 
165608 
1768 
165609 
1769 
165610 
1770 
165611 
1771 
1772 
165612 
165613 
1773 
1774 
165614 
1775 
165615 
1776 
165616 
165617 
1777 
165618 
1778 
165619 
1779 
165620 
1780 
165621 
1781 
165622 
1782 
1783 
165623 
1784 
165624 
165625 
1785 
165626 
1786 
1787 
165627 
165628 
1788 
165629 
1789 
165630 
1790 
165631 
1791 
165632 
1792 
165633 
1793 
165634 
1794 
165635 
1795 
165636 
1796 
165637 
1797 
165638 
1798 
165639 
1799 
165640 
1800 
165641 
1801 
165642 
1802 
165643 
1803 
165644 
1804 
165645 
1805 
165646 
1806 
165647 
1807 
165648 
1808 
165649 
1809 
165650 
1810 
165651 
1811 
165652 
1812 
165653 
1813 
165654 
1814 
165655 
1815 
165656 
1816 
165657 
1817 
165658 
1818 
165659 
1819 
165660 
1820 
1821 
165661 
165662 
1822 
1823 
1824 
1825 
1826 
1827 
1828 
1829 
1830 
1831 
1832 
1833 
1834 
1835 
1836 
1837 
1838 
1839 
1840 
1841 
1842 
1843 
1844 
1845 
1846 
1847 
1848 
1849 
1850 
1851 
1852 
1853 
1854 
1855 
1856 
1857 
1858 
1859 
1860 
1861 
1862 
1863 
1864 
1865 
1866 
1867 
1868 
1869 
1870 
1871 
1872 
1873 
1874 
1875 
1876 
1877 
1878 
1879 
1880 
1881 
1882 
1883 
1884 
1885 
1886 
1887 
1888 
1889 
1890 
1891 
1892 
1893 
1894 
1895 
1896 
1897 
1898 
1899 
1900 
165740 
165741 
1901 
1902 
165742 
165743 
1903 
165744 
1904 
1905 
165745 
165746 
1906 
165747 
1907 
165748 
1908 
165749 
1909 
165750 
1910 
165751 
1911 
165752 
1912 
165753 
1913 
1914 
165754 
165755 
1915 
1916 
165756 
1917 
165757 
1918 
165758 
165759 
1919 
165760 
1920 
165761 
1921 
165762 
1922 
165763 
1923 
165764 
1924 
1925 
165765 
1926 
165766 
165767 
1927 
165768 
1928 
1929 
165769 
165770 
1930 
165771 
1931 
165772 
1932 
165773 
1933 
165774 
1934 
165775 
1935 
165776 
1936 
165777 
1937 
165778 
1938 
165779 
1939 
165780 
1940 
165781 
1941 
165782 
1942 
165783 
1943 
165784 
1944 
165785 
1945 
165786 
1946 
165787 
1947 
165788 
1948 
165789 
1949 
165790 
1950 
165791 
1951 
165792 
1952 
165793 
1953 
165794 
1954 
165795 
1955 
165796 
1956 
165797 
1957 
165798 
1958 
165799 
1959 
165800 
1960 
165801 
1961 
165802 
1962 
1963 
165803 
165804 
1964 
165805 
1965 
1966 
165806 
1967 
165807 
165808 
1968 
165809 
1969 
165810 
1970 
165811 
1971 
165812 
1972 
165813 
1973 
1974 
165814 
1975 
165815 
1976 
165816 
165817 
1977 
1978 
165818 
165819 
1979 
165820 
1980 
165821 
1981 
165822 
1982 
165823 
1983 
165824 
1984 
165825 
1985 
165826 
1986 
1987 
165827 
165828 
1988 
165829 
1989 
1990 
165830 
165831 
1991 
1992 
165832 
165833 
1993 
165834 
1994 
165835 
1995 
165836 
1996 
165837 
1997 
1998 
165838 
165839 
1999 
165840 
2000 
2001 
165841 
2002 
165842 
165843 
2003 
165844 
2004 
165845 
2005 
2006 
165846 
2007 
165847 
2008 
165848 
2009 
165849 
165850 
2010 
2011 
165851 
2012 
165852 
2013 
165853 
165854 
2014 
2015 
165855 
165856 
2016 
165857 
165858 
165859 
165860 
165861 
165862 
165863 
165864 
165865 
165866 
165867 
165868 
165869 
165870 
165871 
165872 
165873 
165874 
165875 
165876 
165877 
165878 
165879 
165880 
165881 
165882 
165883 
165884 
165885 
165886 
165887 
165888 
165889 
165890 
165891 
165892 
165893 
165894 
165895 
165896 
165897 
165898 
165899 
165900 
165901 
165902 
165903 
165904 
165905 
165906 
165907 
165908 
165909 
165910 
165911 
165912 
165913 
165914 
165915 
165916 
165917 
165918 
165919 
165920 
165921 
165922 
165923 
165924 
165925 
165926 
165927 
165928 
165929 
165930 
165931 
165932 
165933 
165934 
165935 
165936 
165937 
165938 
165939 
165940 
165941 
165942 
165943 
165944 
165945 
165946 
165947 
165948 
165949 
165950 
165951 
165952 
165953 
165954 
165955 
165956 
165957 
165958 
165959 
165960 
165961 
165962 
165963 
165964 
166022 
166023 
166024 
166025 
166026 
166027 
166028 
166029 
166030 
166031 
166032 
166033 
166034 
166035 
166036 
166037 
166038 
166039 
166040 
166041 
166042 
166043 
166044 
166045 
166046 
166047 
166048 
166049 
166050 
166051 
166052 
166053 
166054 
166055 
166056 
166057 
166058 
166059 
166060 
166061 
166062 
166063 
166064 
166065 
166066 
166067 
166068 
166069 
166070 
166071 
166072 
166073 
166074 
166075 
166076 
166077 
166078 
166079 
166080 
166081 
166082 
166083 
166084 
166085 
166086 
166087 
166088 
166089 
166090 
166091 
166092 
166093 
166094 
166095 
166096 
166097 
166098 
166099 
166100 
166101 
166102 
166103 
166104 
166105 
166106 
166107 
166108 
166109 
166110 
166111 
166112 
166113 
166114 
166115 
166116 
166117 
166118 
166119 
166120 
166121 
166122 
166123 
166124 
166125 
166126 
166127 
166128 
166129 
166130 
166131 
166132 
166133 
166134 
166135 
166136 
166137 
166138 
166139 
166140 
166141 
166142 
166143 
166144 
166145 
166146 
166147 
166148 
166149 
166150 
166151 
166152 
166153 
166154 
166155 
166156 
166157 
166158 
166159 
166160 
166161 
166162 
166163 
166164 
166165 
166166 
166167 
166168 
166169 
166170 
166171 
166172 
166173 
166174 
166175 
166176 
166177 
166178 
166179 
166180 
166181 
166182 
166183 
166184 
166185 
166186 
166187 
166188 
166189 
166190 
166191 
166192 
166193 
166194 
166195 
166196 
166197 
166198 
166199 
166200 
166201 
166202 
166203 
166204 
166205 
166206 
166207 
166208 
166209 
166210 
166211 
166212 
166213 
166214 
166215 
166216 
166217 
166218 
166219 
166220 
166221 
166222 
166223 
166224 
166225 
166226 
166227 
166228 
166229 
166230 
166231 
166232 
166233 
166234 
166235 
166236 
166237 
166238 
166239 
166240 
166241 
166242 
166243 
166244 
166245 
166246 
166247 
166248 
166249 
166250 
166251 
166252 
166253 
166254 
166255 
166256 
166257 
166258 
166259 
166260 
166261 
166262 
166263 
166264 
166265 
166266 
166267 
166268 
166269 
166270 
166271 
166272 
166273 
2434 
166274 
166275 
2435 
166276 
2436 
2437 
166277 
2438 
166278 
2439 
166279 
166280 
2440 
2441 
166281 
2442 
166282 
2443 
166283 
2444 
166284 
2445 
166285 
166286 
2446 
166287 
2447 
2448 
166288 
2449 
166289 
166290 
2450 
2451 
166291 
2452 
166292 
166293 
2453 
166294 
2454 
166295 
2455 
166296 
2456 
166297 
2457 
2458 
166298 
166299 
2459 
166300 
2460 
166301 
2461 
2462 
166302 
166303 
2463 
166304 
2464 
2465 
2466 
2467 
2468 
2469 
2470 
2471 
2472 
2473 
2474 
2475 
2476 
2477 
166318 
2478 
166319 
2479 
166320 
2480 
166321 
2481 
166322 
2482 
2483 
166323 
2484 
166324 
166325 
2485 
166326 
2486 
2487 
166327 
166328 
2488 
166329 
2489 
166330 
2490 
166331 
2491 
166332 
2492 
166333 
2493 
166334 
2494 
166335 
2495 
166336 
2496 
166337 
2497 
166338 
2498 
166339 
2499 
166340 
2500 
166341 
2501 
166342 
2502 
166343 
2503 
166344 
2504 
166345 
2505 
166346 
2506 
166347 
2507 
166348 
2508 
166349 
2509 
166350 
2510 
166351 
2511 
166352 
2512 
166353 
2513 
166354 
2514 
166355 
2515 
166356 
2516 
166357 
2517 
166358 
2518 
166359 
2519 
166360 
2520 
2521 
166361 
166362 
2522 
166363 
2523 
2524 
166364 
2525 
166365 
166366 
2526 
166367 
2527 
166368 
2528 
166369 
2529 
166370 
2530 
166371 
2531 
2532 
166372 
2533 
166373 
2534 
166374 
166375 
2535 
2536 
166376 
166377 
2537 
166378 
2538 
166379 
2539 
166380 
2540 
166381 
2541 
166382 
2542 
166383 
2543 
166384 
2544 
166385 
2545 
166386 
2546 
166387 
2547 
2548 
166388 
166389 
2549 
2550 
166390 
166391 
2551 
166392 
2552 
166393 
2553 
166394 
2554 
166395 
2555 
2556 
166396 
166397 
2557 
166398 
2558 
2559 
166399 
2560 
166400 
166401 
2561 
166402 
2562 
166403 
2563 
2564 
166404 
2565 
166405 
2566 
166406 
2567 
166407 
166408 
2568 
2569 
166409 
2570 
166410 
2571 
166411 
166412 
2572 
2573 
166413 
166414 
2574 
166415 
2575 
166416 
2576 
2577 
166417 
166418 
2578 
2579 
166419 
2580 
166420 
2581 
166421 
166422 
2582 
2583 
166423 
2584 
166424 
2585 
166425 
2586 
166426 
166427 
2587 
166428 
2588 
166429 
2589 
2590 
166430 
2591 
166431 
166432 
2592 
166433 
2593 
2594 
166434 
166435 
2595 
166436 
2596 
166437 
2597 
166438 
2598 
166439 
2599 
2600 
166440 
166441 
2601 
2602 
166442 
166443 
2603 
166444 
2604 
2605 
166445 
166446 
2606 
166447 
2607 
166448 
2608 
166449 
2609 
166450 
2610 
166451 
2611 
166452 
2612 
166453 
2613 
2614 
166454 
166455 
2615 
2616 
166456 
2617 
166457 
2618 
166458 
166459 
2619 
166460 
2620 
166461 
2621 
166462 
2622 
166463 
2623 
166464 
2624 
2625 
166465 
2626 
166466 
166467 
2627 
166468 
2628 
2629 
166469 
166470 
2630 
166471 
2631 
166472 
2632 
166473 
2633 
166474 
2634 
166475 
2635 
166476 
2636 
166477 
2637 
166478 
2638 
166479 
2639 
166480 
2640 
166481 
2641 
166482 
2642 
166483 
2643 
166484 
2644 
166485 
2645 
166486 
2646 
166487 
2647 
166488 
2648 
166489 
2649 
166490 
2650 
166491 
2651 
166492 
2652 
166493 
2653 
166494 
2654 
166495 
2655 
166496 
2656 
166497 
2657 
166498 
2658 
166499 
2659 
166500 
2660 
166501 
2661 
166502 
2662 
2663 
166503 
166504 
2664 
166505 
2665 
2666 
166506 
2667 
166507 
166508 
2668 
166509 
2669 
166510 
2670 
166511 
2671 
166512 
2672 
166513 
2673 
2674 
166514 
2675 
166515 
2676 
166516 
166517 
2677 
2678 
166518 
166519 
2679 
166520 
2680 
166521 
2681 
166522 
2682 
166523 
2683 
166524 
2684 
166525 
2685 
166526 
2686 
2687 
166527 
166528 
2688 
166529 
2689 
2690 
166530 
166531 
2691 
2692 
166532 
166533 
2693 
166534 
2694 
166535 
2695 
166536 
2696 
166537 
2697 
2698 
166538 
166539 
2699 
166540 
2700 
2701 
166541 
2702 
166542 
166543 
2703 
166544 
2704 
166545 
2705 
2706 
166546 
2707 
166547 
2708 
166548 
2709 
166549 
166550 
2710 
2711 
166551 
2712 
166552 
2713 
166553 
166554 
2714 
2715 
166555 
166556 
2716 
166557 
166558 
166559 
166560 
166561 
166562 
166563 
166564 
166565 
166566 
166567 
166568 
166569 
166570 
166571 
166572 
166573 
166574 
166575 
166576 
166577 
166578 
166579 
166580 
166581 
166582 
166583 
166584 
166585 
166586 
166587 
166588 
166589 
166590 
166591 
166592 
166593 
166594 
166595 
166596 
166597 
166598 
166599 
166600 
166614 
166615 
166616 
166617 
166618 
166619 
166620 
166621 
166622 
166623 
166624 
166625 
166626 
166627 
166628 
166629 
166630 
166631 
166632 
166633 
166634 
166635 
166636 
166637 
166638 
166639 
166640 
166641 
166642 
166643 
166644 
166645 
166646 
166647 
166648 
166649 
166650 
166651 
166652 
166653 
166654 
166655 
166656 
166657 
166658 
166659 
166660 
166661 
166662 
166663 
166664 
166665 
166666 
166667 
166668 
166669 
166670 
166671 
166672 
166673 
166674 
166675 
166676 
166677 
166678 
166679 
166680 
166681 
166682 
166683 
166684 
166685 
166686 
166687 
166688 
166689 
166690 
166691 
166692 
166693 
166694 
166695 
166696 
166697 
166698 
166699 
166700 
166701 
166702 
166703 
166704 
166705 
166706 
166707 
166708 
166709 
166710 
166711 
166712 
166713 
166714 
166715 
166716 
166717 
166718 
166719 
166720 
166721 
166722 
166723 
166724 
166725 
166726 
166727 
166728 
166729 
166730 
166731 
166732 
166733 
166734 
166735 
166736 
166737 
166738 
166739 
166740 
166741 
166742 
166743 
166744 
166745 
166746 
166747 
166748 
166749 
166750 
166751 
166752 
166753 
166754 
166755 
166756 
166757 
166758 
166759 
166760 
166761 
166762 
166763 
166764 
166765 
166766 
166767 
166768 
166769 
166770 
166771 
166772 
166773 
166774 
166775 
166776 
166777 
166778 
166779 
166780 
166781 
166782 
166783 
166784 
166785 
166786 
166787 
166788 
166789 
166790 
166791 
166792 
166793 
166794 
166795 
166796 
166797 
166798 
166799 
166800 
166801 
166802 
166803 
166804 
166805 
166806 
166807 
166808 
166809 
166810 
166811 
166812 
166813 
166814 
166815 
166816 
166817 
166818 
166819 
166820 
166821 
166822 
166823 
166824 
166825 
166826 
166827 
166828 
166829 
166830 
166831 
166832 
166833 
166834 
166835 
166836 
166837 
166838 
166839 
166840 
166841 
166842 
166843 
166844 
166845 
166846 
166847 
166848 
166849 
166850 
166851 
166852 
166853 
166854 
166855 
166856 
166857 
166858 
166859 
166860 
166861 
166862 
166863 
166864 
166865 
166866 
166867 
166868 
166869 
166870 
166871 
166872 
166873 
166874 
166875 
166876 
166877 
166878 
166879 
166880 
166881 
166882 
166883 
166884 
166885 
166886 
166887 
166888 
166889 
166890 
166891 
166892 
166893 
166894 
166895 
166896 
166897 
166898 
166899 
166900 
166901 
166902 
166903 
166904 
166905 
166906 
166907 
166908 
166909 
166910 
166911 
166912 
166913 
166914 
166915 
166916 
166917 
166918 
166919 
166920 
166921 
166922 
166923 
166924 
166925 
166926 
166927 
166928 
166929 
166930 
166931 
166932 
166933 
166934 
166935 
166936 
166937 
166938 
166939 
166940 
166941 
166942 
166943 
166944 
166945 
166946 
166947 
166948 
166949 
166950 
166951 
166952 
166953 
166954 
166955 
166956 
166957 
166958 
166959 
166960 
166961 
166962 
166963 
166964 
166965 
166966 
166967 
166968 
166969 
166970 
166971 
166972 
166973 
166974 
166975 
166976 
166977 
166978 
166979 
166980 
166981 
166982 
166983 
166984 
166985 
166986 
166987 
166988 
166989 
166990 
166991 
166992 
166993 
166994 
166995 
166996 
166997 
166998 
166999 
167000 
167001 
167002 
167003 
167004 
167005 
167006 
167007 
167008 
167009 
167010 
167011 
167012 
167013 
167014 
167015 
167016 
167017 
167018 
167019 
167020 
167021 
167022 
167023 
167024 
167025 
167026 
167027 
167028 
167029 
167030 
167031 
167032 
167033 
167034 
167035 
167036 
167037 
167038 
167039 
167040 
167041 
167042 
167043 
167044 
167045 
167046 
167047 
167048 
167049 
167050 
167051 
167052 
167053 
167054 
167055 
167056 
167057 
167058 
167059 
167060 
167061 
167062 
167063 
167064 
167065 
167066 
167067 
167068 
167069 
167070 
167071 
167072 
167073 
167074 
167075 
167076 
167077 
167078 
167079 
167080 
167081 
167082 
167083 
167084 
167085 
167086 
167087 
167088 
167089 
167090 
167091 
167092 
167093 
167094 
167095 
167096 
167097 
167098 
167099 
167100 
167101 
167102 
167103 
167104 
167105 
167106 
167107 
167108 
167109 
167110 
167111 
167112 
167113 
167114 
167115 
167116 
167117 
167118 
167119 
167120 
167121 
167122 
167123 
167124 
167125 
167126 
167127 
167128 
167129 
167130 
167131 
167132 
167133 
167134 
167135 
167136 
167137 
167138 
167139 
167140 
167141 
167142 
167143 
167144 
167145 
167146 
167147 
167148 
167149 
167150 
167151 
167152 
167153 
167154 
167155 
167156 
167157 
167158 
167159 
167160 
167161 
167162 
167163 
167164 
167165 
167166 
167167 
167168 
167169 
167170 
167171 
167172 
167173 
167174 
167175 
167176 
167177 
167178 
167179 
167180 
167181 
167182 
167183 
167184 
167185 
167186 
167187 
167188 
167189 
167190 
167191 
167192 
167193 
167194 
167195 
167196 
167197 
167198 
167199 
167200 
167201 
167202 
167203 
167204 
167205 
167206 
167207 
167208 
167209 
167210 
167211 
167212 
167213 
167214 
167215 
167216 
167217 
167218 
167219 
167220 
167221 
167222 
167223 
167224 
167225 
167226 
167227 
167228 
167229 
167230 
167231 
167232 
167233 
167234 
167235 
167236 
167237 
167238 
167239 
167240 
167241 
167242 
167243 
167244 
167245 
167246 
167247 
167248 
167249 
167250 
167251 
167252 
167253 
167254 
167255 
167256 
167257 
167258 
167259 
167260 
167261 
167262 
167263 
167264 
167265 
167266 
167267 
167268 
167269 
167270 
167271 
167272 
167273 
167274 
167275 
167276 
167277 
167278 
167279 
167280 
167281 
167282 
167283 
167284 
167285 
167286 
167287 
167288 
167289 
167290 
167291 
167292 
167293 
167294 
167295 
167296 
167297 
167298 
167299 
167300 
167301 
167302 
167303 
167304 
167305 
167306 
167307 
167308 
167309 
167310 
167311 
167312 
167313 
167314 
167315 
167316 
167317 
167318 
167319 
167320 
167321 
167322 
167323 
167324 
167325 
167326 
167327 
167328 
167329 
167330 
167331 
167332 
167333 
167334 
167335 
167336 
167337 
167338 
167339 
167340 
167341 
167342 
167343 
167344 
167345 
167346 
167347 
167348 
167349 
167350 
167351 
167352 
167353 
167354 
167355 
167356 
167357 
167358 
167359 
167360 
167361 
167362 
167363 
167364 
167365 
167366 
167367 
167368 
167369 
167370 
167371 
167372 
167373 
167374 
167375 
167376 
167377 
167378 
167379 
167380 
167381 
167382 
167383 
167384 
167385 
167386 
167387 
167388 
167389 
167390 
167391 
167392 
167393 
167394 
167395 
167396 
167397 
167398 
167399 
167400 
167401 
167402 
167403 
167404 
168555 
168556 
168557 
168558 
168559 
168560 
168561 
168562 
168563 
168564 
168565 
168566 
168567 
168568 
168569 
168570 
168571 
168572 
168573 
168574 
168575 
168576 
168577 
168578 
168579 
168580 
168581 
168582 
168583 
168584 
168585 
168586 
168587 
168588 
168589 
168590 
168591 
168592 
168593 
168594 
168595 
168596 
168597 
168598 
168599 
168600 
168601 
168602 
168603 
168604 
168605 
168606 
168607 
168608 
168609 
168610 
168611 
168612 
168613 
168614 
168615 
168616 
168617 
168618 
168619 
168620 
168621 
168622 
168623 
168624 
168625 
168626 
168627 
168628 
168629 
168630 
168631 
168632 
168633 
168634 
168635 
168636 
168637 
168638 
168639 
168640 
168641 
168642 
168643 
168644 
168645 
168646 
168647 
168648 
168649 
168650 
168651 
168652 
168653 
168654 
168655 
168656 
168657 
168658 
168659 
168660 
168661 
168662 
168663 
168664 
168665 
168666 
168667 
168668 
168669 
168670 
168671 
168672 
168673 
168674 
168675 
168676 
168677 
168678 
168679 
168680 
168681 
168682 
168683 
168684 
168685 
168686 
168687 
168688 
168689 
168690 
168691 
168692 
168693 
168694 
168695 
168696 
168697 
168698 
168699 
168700 
168701 
168702 
168703 
168704 
168705 
168706 
168707 
168708 
168709 
168710 
168711 
168712 
168713 
168714 
168715 
168716 
168717 
168718 
168719 
168720 
168721 
168722 
168723 
168724 
168725 
168726 
168727 
168728 
168729 
168730 
168731 
168732 
168733 
168734 
168735 
168736 
168737 
168738 
168739 
168740 
168741 
168742 
168743 
168744 
168745 
168746 
168747 
168748 
168749 
168750 
168751 
168752 
168753 
168754 
168755 
168756 
168757 
168758 
168759 
168760 
168761 
168762 
168763 
168764 
168765 
168766 
168767 
168768 
168769 
168770 
168771 
168772 
168773 
168774 
168775 
168776 
168777 
168778 
168779 
284163 
284166 
284167 
284168 
284404 
284405 
284406 
284407 
284408 
284409 
284410 
284411 
284412 
284413 
284414 
284415 
284416 
284417 
284418 
284419 
284420 
284421 
284422 
284423 
284424 
284425 
284426 
284427 
284428 
284429 
284430 
284431 
284432 
284433 
284434 
284435 
284436 
284437 
284438 
284439 
284440 
284441 
284442 
284443 
284444 
284445 
284446 
284447 
284448 
284449 
284450 
284451 
284452 
284453 
284454 
284455 
284456 
284457 
284458 
284459 
284460 
284461 
284462 
284463 
284464 
284465 
284466 
284467 
284468 
284469 
284470 
284471 
284472 
284473 
284474 
284475 
284476 
284477 
284478 
284479 
284480 
284481 
284482 
284483 
284484 
284485 
284486 
284487 
284488 
284489 
284490 
284491 
284492 
284493 
284494 
284495 
284496 
284497 
284498 
284499 
284500 
284501 
284502 
284503 
284504 
284505 
284506 
284507 
284508 
284509 
284510 
284511 
284512 
284513 
284514 
284515 
284516 
284517 
284518 
284519 
284520 
284521 
284522 
284523 
284524 
284525 
284526 
284527 
284528 
284529 
284530 
284531 
284532 
284533 
284534 
284535 
284536 
284537 
284538 
284539 
284540 
284541 
284542 
284543 
284544 
284545 
284546 
284547 
284548 
284549 
284550 
284551 
284552 
284553 
284554 
284555 
284556 
284557 
284558 
284559 
284560 
284561 
284562 
284563 
284564 
284565 
284566 
284567 
284568 
284569 
284570 
284571 
284572 
284573 
284574 
284575 
284576 
284577 
284578 
284579 
284580 
284581 
284582 
284583 
284584 
284585 
284586 
284587 
284588 
284589 
284590 
284591 
284592 
284593 
284594 
284595 
284596 
284597 
284598 
284599 
284600 
284601 
284602 
284603 
284604 
284605 
284606 
284607 
284608 
284609 
284610 
284611 
284612 
284613 
284614 
284615 
284616 
284617 
284618 
284619 
284620 
284621 
284622 
284623 
284624 
284625 
284626 
284627 
284628 
284916 
284917 
284918 
284919 
284920 
284921 
284922 
284923 
284924 
284925 
284926 
284927 
284928 
284929 
284930 
284931 
284932 
284933 
284934 
284935 
284936 
284937 
284938 
284939 
284940 
284941 
284942 
284943 
284944 
284945 
284946 
284947 
284948 
284949 
284950 
284951 
284952 
284953 
284954 
284955 
284956 
284957 
284958 
284959 
284960 
284961 
284962 
284963 
284964 
284965 
284966 
284967 
284968 
284969 
284970 
284971 
284972 
284973 
284974 
284975 
284976 
284977 
284978 
284979 
284980 
284981 
284982 
284983 
284984 
284985 
284986 
284987 
284988 
284989 
284990 
284991 
284992 
284993 
284994 
284995 
284996 
284997 
284998 
284999 
285000 
285001 
285002 
285003 
285004 
285005 
285006 
285007 
285008 
285009 
285010 
285011 
285012 
285013 
285014 
285015 
285016 
285017 
285018 
285019 
285020 
285021 
285022 
285023 
285024 
285025 
285026 
285027 
285028 
285029 
285030 
285031 
285032 
285033 
285034 
285035 
285036 
285037 
285038 
285039 
285040 
285041 
285042 
285043 
285044 
285045 
285046 
285047 
285048 
285049 
285050 
285051 
285052 
285053 
285054 
285055 
285056 
285057 
285058 
285059 
285060 
285061 
285062 
285063 
285064 
285065 
285066 
285067 
285068 
285069 
285070 
285071 
285072 
285073 
285074 
285075 
285076 
285077 
285078 
285079 
285080 
285081 
285082 
285083 
285084 
285085 
285086 
285087 
285088 
285089 
285090 
285091 
285092 
285093 
285094 
285095 
285096 
285097 
285098 
285099 
285100 
285101 
285102 
285103 
285104 
285105 
285106 
285107 
285108 
285109 
285110 
285111 
285112 
285113 
285114 
285115 
285116 
285117 
285118 
285119 
285120 
285121 
285122 
285123 
285124 
285125 
285126 
285127 
285128 
285129 
285130 
285131 
285132 
285133 
285134 
285135 
285136 
285137 
285138 
285139 
285140 
285141 
285142 
285143 
285144 
285145 
285146 
285147 
285148 
285149 
285150 
285151 
285152 
285153 
285154 
285155 
285156 
285157 
285158 
285159 
285160 
285161 
285162 
285163 
285164 
285165 
285166 
285167 
285168 
285169 
285170 
285171 
285172 
285173 
285174 
285175 
285176 
285177 
285178 
285179 
285180 
285181 
285182 
285183 
285184 
285185 
285186 
285187 
285188 
285189 
285190 
285191 
285192 
285193 
285194 
285195 
285196 
285197 
285198 
6733 
6734 
6735 
6736 
6737 
6738 
6739 
6740 
6741 
6742 
6743 
6744 
6745 
6746 
6747 
6748 
6749 
6750 
6751 
6752 
6753 
6754 
6755 
6756 
6757 
6758 
6759 
6760 
6761 
6762 
6763 
6764 
6765 
6766 
6767 
6768 
6769 
6770 
6771 
6772 
6773 
6774 
6775 
6776 
6777 
6778 
6779 
6780 
6781 
6782 
6783 
6784 
6785 
6786 
6787 
6788 
6789 
6790 
6791 
6792 
6793 
6794 
6795 
6796 
6797 
6798 
6799 
6800 
6801 
6802 
6803 
6804 
6805 
6806 
6807 
6808 
6809 
6810 
6811 
6812 
6813 
6814 
6815 
6816 
6817 
6818 
6819 
6820 
6821 
6822 
6823 
6824 
6825 
6826 
6827 
6828 
6829 
6830 
6831 
6832 
6833 
6834 
6835 
6836 
6837 
6838 
6839 
6840 
6841 
6842 
6843 
6844 
6845 
6846 
6847 
6848 
6849 
6850 
6851 
6852 
6853 
6854 
6855 
6856 
6857 
6858 
6859 
6860 
6861 
6862 
6863 
6864 
6865 
6866 
6867 
6868 
6869 
6870 
6871 
6872 
6873 
6874 
6875 
6876 
6877 
6878 
6879 
6880 
6881 
6882 
6883 
6884 
6885 
6886 
6887 
6888 
6889 
6890 
6891 
6892 
6893 
6894 
6895 
6896 
6897 
6898 
6899 
6900 
6901 
6902 
6903 
6904 
6905 
6906 
6907 
6908 
6909 
6910 
6911 
6912 
6913 
6914 
6915 
6916 
6917 
6918 
6919 
6920 
6921 
6922 
6923 
6924 
6925 
6926 
6927 
6928 
6929 
6930 
6931 
6932 
6933 
6934 
6935 
6936 
6937 
6938 
6939 
6940 
6941 
6942 
6943 
6944 
6945 
6946 
6947 
6948 
6949 
6950 
6951 
6952 
6953 
6954 
6955 
6956 
6957 
285486 
285487 
285488 
285489 
285490 
285491 
285492 
285493 
285494 
285495 
285496 
285497 
285498 
285499 
285500 
285501 
285502 
285503 
285504 
285505 
285506 
285507 
285508 
285509 
285510 
285511 
285512 
285513 
285514 
285515 
285516 
285517 
285518 
285519 
285520 
285521 
285522 
285523 
285524 
285525 
285526 
285527 
285528 
285529 
285530 
285531 
285532 
285533 
285534 
285535 
285536 
285537 
285538 
285539 
285540 
285541 
285542 
285543 
285544 
285545 
285546 
285547 
285548 
285549 
285550 
285551 
285552 
285553 
285554 
285555 
285556 
285557 
285558 
285559 
285560 
285561 
285562 
285563 
285564 
285565 
285566 
285567 
285568 
285569 
285570 
285571 
285572 
285573 
285574 
285575 
285576 
285577 
285578 
285579 
285580 
285581 
285582 
285583 
285584 
285585 
285586 
285587 
285588 
285589 
285590 
285591 
285592 
285593 
285594 
285595 
285596 
285597 
285598 
285599 
285600 
285601 
285602 
285603 
285604 
285605 
285606 
285607 
285608 
285609 
285610 
285611 
285612 
285613 
285614 
285615 
285616 
285617 
285618 
285619 
285620 
285621 
285622 
285623 
285624 
285625 
285626 
285627 
285628 
285629 
285630 
285631 
285632 
285633 
285634 
285635 
285636 
285637 
285638 
285639 
285640 
285641 
285642 
285643 
285644 
285645 
285646 
285647 
285648 
285649 
285650 
285651 
285652 
285653 
285654 
285655 
285656 
285657 
285658 
285659 
285660 
285661 
285662 
285663 
285664 
285665 
285666 
285667 
285668 
285669 
285670 
285671 
285672 
285673 
285674 
285675 
285676 
285677 
285678 
285679 
285680 
285681 
285682 
285683 
285684 
285685 
285686 
285687 
285688 
285689 
285690 
285691 
285692 
285693 
285694 
285695 
285696 
285697 
285698 
285699 
285700 
285701 
285702 
285703 
285704 
285705 
285706 
285707 
285708 
285709 
285710 
285711 
285712 
285713 
285714 
285715 
285716 
285717 
285718 
285719 
285720 
285721 
285722 
285723 
285724 
285725 
285726 
285727 
285728 
285729 
285730 
285731 
285732 
285733 
285734 
285735 
285736 
285737 
285738 
285739 
285740 
285741 
285742 
285743 
285744 
285745 
285746 
285747 
285748 
285749 
285750 
285751 
285752 
285753 
285754 
285755 
285756 
285757 
285758 
285759 
285760 
285761 
285762 
285763 
285764 
285765 
285766 
285767 
285768 
285994 
285995 
285996 
285997 
285998 
285999 
286000 
286001 
286002 
286003 
286004 
286005 
286006 
286007 
286008 
286009 
286010 
286011 
286012 
286013 
286014 
286015 
286016 
286017 
286018 
286019 
286020 
286021 
286022 
286023 
286024 
286025 
286026 
286027 
286028 
286029 
286030 
286031 
286032 
286033 
286034 
286035 
286036 
286037 
286038 
286039 
286040 
286041 
286042 
286043 
286044 
286045 
286046 
286047 
286048 
286049 
286050 
286051 
286052 
286053 
286054 
286055 
286056 
286057 
286058 
286059 
286060 
286061 
286062 
286063 
286064 
286065 
286066 
286067 
286068 
286069 
286070 
286071 
286072 
286073 
286074 
286075 
286076 
286077 
286078 
286079 
286080 
286081 
286082 
286083 
286084 
286085 
286086 
286087 
286088 
286089 
286090 
286091 
286092 
286093 
286094 
286095 
286096 
286097 
286098 
286099 
286100 
286101 
286102 
286103 
286104 
286105 
286106 
286107 
286108 
286109 
286110 
286111 
286112 
286113 
286114 
286115 
286116 
286117 
286118 
286119 
286120 
286121 
286122 
286123 
286124 
286125 
286126 
286127 
286128 
286129 
286130 
286131 
286132 
286133 
286134 
286135 
286136 
286137 
286138 
286139 
286140 
286141 
286142 
286143 
286144 
286145 
286146 
286147 
286148 
286149 
286150 
286151 
286152 
286153 
286154 
286155 
286156 
286157 
286158 
286159 
286160 
286161 
286162 
286163 
286164 
286165 
286166 
286167 
286168 
286169 
286170 
286171 
286172 
286173 
286174 
286175 
286176 
286177 
286178 
286179 
286180 
286181 
286182 
286183 
286184 
286185 
286186 
286187 
286188 
286189 
286190 
286191 
286192 
286193 
286194 
286195 
286196 
286197 
286198 
286199 
286200 
286201 
286202 
286203 
286204 
286205 
286206 
286207 
286208 
286209 
286210 
286211 
286212 
286213 
286214 
286215 
286216 
286217 
286218 
)

// ************************************************************************* //
